0
11
10010
00101
01001
Not a number
1 1
0 0
100110010
1011011111
1011100010
1011100101
1011101000
1011101011
1011101110
1011110001
1011110100
1011110111
1011111010
1011111101
1100000000
1100000011
1100000110
1100001001
1100001100
1100001111
1100010010
1100010101
1100011000
1100011011
1100011110
1100100001
1100100100
1100100111
1100101010
1100101101
1100110000
1100110011
1100110110
1100111001
1100111100
1100111111
1101000010
1101000101
1101001000
1101001011
1101001110
1101010001
1101010100
1101010111
1101011010
1101011101
1101100000
1101100011
1101100110
1101101001
1101101100
1101101111
1101110010
1101110101
1101111000
1101111011
1101111110
1110000001
1110000100
1110000111
1110001010
1110001101
1110010000
1110010011
1110010110
1110011001
1110011100
1110011111
1110100010
1110100101
1110101000
1110101011
1110101110
1110110001
1110110100
1110110111
1110111010
1110111101
1111000000
1111000011
1111000110
1111001001
1111001100
1111001111
1111010010
1111010101
1111011000
1111011011
1111011110
1111100001
1111100100
1111100111